RandomForestClassifier
+----------------+------------------+-----------------+---------------+--------------+---------------+--------------+--------------------+-------------------+
| class          |   precision_mean |   precision_std |   recall_mean |   recall_std |   fscore_mean |   fscore_std |   weighted_f1_mean |   weighted_f1_std |
|----------------+------------------+-----------------+---------------+--------------+---------------+--------------+--------------------+-------------------|
| Analysis       |        0.0586356 |     0.0242633   |     0.078582  |   0.0538019  |     0.0659467 |   0.0346775  |           0.612705 |         0.0113417 |
| Backdoor       |        0.05943   |     0.0249165   |     0.161921  |   0.0865708  |     0.0825417 |   0.0325234  |           0.612705 |         0.0113417 |
| DoS            |        0.238073  |     0.021424    |     0.625385  |   0.128361   |     0.344045  |   0.0424764  |           0.612705 |         0.0113417 |
| Exploits       |        0.865553  |     0.00984281  |     0.0814409 |   0.0243257  |     0.148107  |   0.0402637  |           0.612705 |         0.0113417 |
| Fuzzers        |        0.516002  |     0.0226167   |     0.741801  |   0.0131315  |     0.608231  |   0.0131676  |           0.612705 |         0.0113417 |
| Generic        |        0.999724  |     0.000116619 |     0.960203  |   0.00224605 |     0.979564  |   0.00113683 |           0.612705 |         0.0113417 |
| Reconnaissance |        0.642919  |     0.0210815   |     0.691762  |   0.0214155  |     0.665978  |   0.00784548 |           0.612705 |         0.0113417 |
| Shellcode      |        0.294957  |     0.0344315   |     0.375132  |   0.0651621  |     0.325588  |   0.0176069  |           0.612705 |         0.0113417 |
| Worms          |        0.072782  |     0.0267271   |     0.0727273 |   0.0296327  |     0.0690316 |   0.0229526  |           0.612705 |         0.0113417 |
+----------------+------------------+-----------------+---------------+--------------+---------------+--------------+--------------------+-------------------+

DecisionTreeClassifier
+----------------+------------------+-----------------+---------------+--------------+---------------+--------------+--------------------+-------------------+
| class          |   precision_mean |   precision_std |   recall_mean |   recall_std |   fscore_mean |   fscore_std |   weighted_f1_mean |   weighted_f1_std |
|----------------+------------------+-----------------+---------------+--------------+---------------+--------------+--------------------+-------------------|
| Analysis       |        0.0706168 |     0.00788172  |      0.181093 |   0.0584307  |     0.100889  |   0.0164551  |           0.624944 |         0.0135232 |
| Backdoor       |        0.0472561 |     0.0120485   |      0.295712 |   0.0846028  |     0.081401  |   0.0208035  |           0.624944 |         0.0135232 |
| DoS            |        0.21456   |     0.0106115   |      0.40719  |   0.0517477  |     0.280648  |   0.0206224  |           0.624944 |         0.0135232 |
| Exploits       |        0.793585  |     0.0243473   |      0.13489  |   0.0377728  |     0.229066  |   0.0560297  |           0.624944 |         0.0135232 |
| Fuzzers        |        0.545226  |     0.0167042   |      0.659617 |   0.00755555 |     0.596946  |   0.0130964  |           0.624944 |         0.0135232 |
| Generic        |        0.99968   |     0.000351127 |      0.959069 |   0.00365229 |     0.978951  |   0.00182383 |           0.624944 |         0.0135232 |
| Reconnaissance |        0.62198   |     0.0223902   |      0.703719 |   0.00460073 |     0.660131  |   0.0120398  |           0.624944 |         0.0135232 |
| Shellcode      |        0.220697  |     0.029953    |      0.470899 |   0.020662   |     0.299145  |   0.0262401  |           0.624944 |         0.0135232 |
| Worms          |        0.0493157 |     0.00988847  |      0.159091 |   0.0601307  |     0.0748487 |   0.0176438  |           0.624944 |         0.0135232 |
+----------------+------------------+-----------------+---------------+--------------+---------------+--------------+--------------------+-------------------+

MLPClassifier
+----------------+------------------+-----------------+---------------+--------------+---------------+--------------+--------------------+-------------------+
| class          |   precision_mean |   precision_std |   recall_mean |   recall_std |   fscore_mean |   fscore_std |   weighted_f1_mean |   weighted_f1_std |
|----------------+------------------+-----------------+---------------+--------------+---------------+--------------+--------------------+-------------------|
| Analysis       |       0.00228306 |     0.00220333  |    0.00206795 |   0.00198174 |    0.00215813 |  0.00206731  |           0.561649 |        0.00101623 |
| Backdoor       |       0.0472458  |     0.0090287   |    0.0243568  |   0.00306836 |    0.0317075  |  0.00223956  |           0.561649 |        0.00101623 |
| DoS            |       0.30274    |     0.00422171  |    0.637466   |   0.0113379  |    0.410466   |  0.00349857  |           0.561649 |        0.00101623 |
| Exploits       |       0.908458   |     0.0294576   |    0.0262307  |   0.00246831 |    0.0509738  |  0.00464007  |           0.561649 |        0.00101623 |
| Fuzzers        |       0.420314   |     0.00744078  |    0.703332   |   0.0120081  |    0.526067   |  0.00312982  |           0.561649 |        0.00101623 |
| Generic        |       0.99891    |     0.000214399 |    0.961422   |   0          |    0.979808   |  0.000103144 |           0.561649 |        0.00101623 |
| Reconnaissance |       0.30819    |     0.0060947   |    0.600229   |   0.0127691  |    0.40715    |  0.00293102  |           0.561649 |        0.00101623 |
| Shellcode      |       0.273629   |     0.0312978   |    0.212698   |   0.0298485  |    0.237625   |  0.0183854   |           0.561649 |        0.00101623 |
| Worms          |       0.0644922  |     0.0358171   |    0.0681818  |   0.0321412  |    0.0619795  |  0.0293627   |           0.561649 |        0.00101623 |
+----------------+------------------+-----------------+---------------+--------------+---------------+--------------+--------------------+-------------------+

SVC
+----------------+------------------+-----------------+---------------+--------------+---------------+--------------+--------------------+-------------------+
| class          |   precision_mean |   precision_std |   recall_mean |   recall_std |   fscore_mean |   fscore_std |   weighted_f1_mean |   weighted_f1_std |
|----------------+------------------+-----------------+---------------+--------------+---------------+--------------+--------------------+-------------------|
| Analysis       |       0          |     0           |     0         |    0         |     0         |  0           |           0.540191 |         0.0230432 |
| Backdoor       |       0.0486233  |     0.0152276   |     0.486792  |    0.422621  |     0.0774674 |  0.0458021   |           0.540191 |         0.0230432 |
| DoS            |       0.297151   |     0.0316889   |     0.252384  |    0.317382  |     0.189688  |  0.20737     |           0.540191 |         0.0230432 |
| Exploits       |       0.72015    |     0.0732179   |     0.0629896 |    0.0176976 |     0.114988  |  0.0292935   |           0.540191 |         0.0230432 |
| Fuzzers        |       0.327773   |     0.0396745   |     0.554998  |    0.0696023 |     0.407243  |  0.00401391  |           0.540191 |         0.0230432 |
| Generic        |       0.963825   |     0.000816304 |     0.962323  |    0         |     0.963073  |  0.000407576 |           0.540191 |         0.0230432 |
| Reconnaissance |       0.686642   |     0.0347538   |     0.37643   |    0.003702  |     0.485937  |  0.00617741  |           0.540191 |         0.0230432 |
| Shellcode      |       0.133904   |     0.147317    |     0.253968  |    0.139912  |     0.118401  |  0.0420004   |           0.540191 |         0.0230432 |
| Worms          |       0.00744707 |     0.000711614 |     0.472727  |    0.0588281 |     0.0146599 |  0.00138449  |           0.540191 |         0.0230432 |
+----------------+------------------+-----------------+---------------+--------------+---------------+--------------+--------------------+-------------------+
SMOTEENN
