
RandomForestClassifier
+----+--------------+--------------+--------------+
|    |    precision |       recall |       fscore |
|----+--------------+--------------+--------------|
|  0 |  0.00328979  |  0.00640079  |  0.00457549  |
|  1 |  0.000257805 |  0.0337336   |  0.0025638   |
|  2 | -0.0176274   | -0.00211951  | -0.00511544  |
|  3 |  0.016951    | -0.0325488   | -0.00246704  |
|  4 | -0.0123987   | -0.00318927  | -0.00679015  |
|  5 |  0.000999068 |  0.000158974 |  0.000566413 |
|  6 |  0.00532277  | -0.00209764  |  0.00101051  |
|  7 | -0.000739738 |  0.0026455   |  0.000268509 |
|  8 |  0.0622172   |  0.0530303   |  0.068282    |
+----+--------------+--------------+--------------+

DecisionTreeClassifier
+----+--------------+--------------+--------------+
|    |    precision |       recall |       fscore |
|----+--------------+--------------+--------------|
|  0 |  0.00728962  |  0.0260955   |  0.0114705   |
|  1 | -0.00151702  | -0.00857633  | -0.00261116  |
|  2 | -0.00388434  |  0.00195647  | -0.000146697 |
|  3 |  0.00345319  | -0.00236555  |  0.000506959 |
|  4 |  0.00290695  | -0.00203453  | -0.00044089  |
|  5 |  0.000478081 | -0.000229629 |  0.000118547 |
|  6 |  0.000684179 | -9.53471e-05 |  0.000243635 |
|  7 |  0.0199029   |  0.0202822   |  0.0212784   |
|  8 |  0.00273642  |  0.0227273   |  0.0131845   |
+----+--------------+--------------+--------------+

MLPClassifier
+----+--------------+-------------+--------------+
|    |    precision |      recall |       fscore |
|----+--------------+-------------+--------------|
|  0 |  0           |  0          |  0           |
|  1 | -0.0410959   | -0.0154374  | -0.0224439   |
|  2 | -0.0915674   |  0.0399446  |  0.0423258   |
|  3 | -0.00228172  | -0.00787519 | -0.00433114  |
|  4 | -0.0136696   | -0.00307929 | -0.006925    |
|  5 |  0.000457218 | -0.00208433 | -0.000866145 |
|  6 | -0.0793928   | -0.0386156  | -0.0584698   |
|  7 |  0.154361    | -0.305996   | -0.0334248   |
|  8 |  0.144078    | -0.0606061  | -0.0735879   |
+----+--------------+-------------+--------------+

GaussianNB
+----+-------------+--------------+------------+
|    |   precision |       recall |     fscore |
|----+-------------+--------------+------------|
|  0 | -0.0263341  | -0.100443    | -0.0601595 |
|  1 | -0.0288071  | -0.857633    | -0.10163   |
|  2 | -0.249406   |  0.0161409   |  0.0273816 |
|  3 | -0.151802   |  0.401815    |  0.362993  |
|  4 | -0.456023   |  0.7624      |  0.207129  |
|  5 | -0.0248225  |  5.29914e-05 | -0.0121153 |
|  6 | -0.108837   | -0.0669336   | -0.0828905 |
|  7 | -0.0594091  | -0.994709    | -0.112122  |
|  8 | -0.00567704 | -0.613636    | -0.01125   |
+----+-------------+--------------+------------+
